# ---------------> 4: lr <---------------- 0.010000
0.009926
0.009853
0.009781
0.009710
0.009641
0.009572
0.009505
0.009439
0.009374
0.009310
0.009247
0.009185
0.009124
0.009064
0.009005
0.008947
0.008889
0.008833
0.008777
0.008722
0.008668
0.008615
0.008562
0.008510
0.008459
0.008409
0.008359
0.008310
0.008261
0.008214
0.008167
0.008120
0.008074
0.008029
0.007985
0.007940
0.007897
0.007854
0.007812
0.007770
0.007728
0.007687
0.007647
0.007607
0.007568
0.007529
0.007491
0.007453
0.007415
0.007378
0.007341
0.007305
0.007269
0.007234
0.007199
0.007164
0.007130
0.007096
0.007062
0.007029
0.006997
0.006964
0.006932
0.006900
0.006869
0.006838
0.006807
0.006777
0.006747
0.006717
0.006687
0.006658
0.006629
0.006601
0.006572
0.006544
0.006517
0.006489
0.006462
0.006435
0.006408
0.006382
0.006356
0.006330
0.006304
0.006279
0.006253
0.006228
0.006204
0.006179
0.006155
0.006131
0.006107
0.006083
0.006060
0.006037
0.006014
0.005991
0.005968
